\section{Porównanie podobieństwa znajdowanych rozwiązań lokalnie optymalnych}

Analizowane w tym punkcie podobieństwo zwracanych przez algorytmy rozwiązań obliczane jest jako iloraz 
liczby takich samych połączeń pomiędzy wierzchołkami grafu i liczby wszystkich połączeń w grafie.
Przeciwdziedzina tej miary jest więc przedziałem od 0 do 1. 

\vspace{0.5cm}

W tabelach (\ref{tab:similarity_a280}, \ref{tab:similarity_ch150}) 
znajdują się podobieństwa rozwiązań dla przykładowych zbiorów danych \emph{a280} oraz \emph{ch150}.

\begin{table}[H]
  \centering
  \begin{tabular}{c|ccccccccc}
    &
    \rotatebox{90}{\parbox{3cm}{\centering annealing}} &
    \rotatebox{90}{\parbox{3cm}{\centering greedy-reverse}} &
    \rotatebox{90}{\parbox{3cm}{\centering greedy-swap}} &
    \rotatebox{90}{\parbox{3cm}{\centering heuristic}} &
    \rotatebox{90}{\parbox{3cm}{\centering random}} &
    \rotatebox{90}{\parbox{3cm}{\centering steepest-reverse}} &
    \rotatebox{90}{\parbox{3cm}{\centering steepest-swap}} &
    \rotatebox{90}{\parbox{3cm}{\centering tabu}} &
    \rotatebox{90}{\parbox{3cm}{\centering optimum}} 
    \\ \hline
    annealing & 1.0 & 0.582 & 0.386 & 0.611 & 0.004 & 0.568 & 0.386 & 0.532 & 0.664 \\
    greedy-reverse & 0.582 & 1.0 & 0.368 & 0.639 & 0.007 & 0.614 & 0.404 & 0.689 & 0.693 \\
    greedy-swap & 0.386 & 0.368 & 1.0 & 0.45 & 0.007 & 0.404 & 0.254 & 0.382 & 0.414 \\
    heuristic & 0.611 & 0.639 & 0.45 & 1.0 & 0.004 & 0.664 & 0.396 & 0.632 & 0.75 \\
    random & 0.004 & 0.007 & 0.007 & 0.004 & 1.0 & 0.004 & 0.007 & 0.007 & 0.004 \\
    steepest-reverse & 0.568 & 0.614 & 0.404 & 0.664 & 0.004 & 1.0 & 0.371 & 0.607 & 0.707 \\
    steepest-swap & 0.386 & 0.404 & 0.254 & 0.396 & 0.007 & 0.371 & 1.0 & 0.379 & 0.407 \\
    tabu & 0.532 & 0.689 & 0.382 & 0.632 & 0.007 & 0.607 & 0.379 & 1.0 & 0.664 \\
    optimum & 0.664 & 0.693 & 0.414 & 0.75 & 0.004 & 0.707 & 0.407 & 0.664 & 1.0 \\
  \end{tabular}
  \caption{Ocena podobieństwa znajdowanych rozwiązań -- \emph{a280}}
  \label{tab:similarity_a280}
\end{table}

\begin{table}[H]
  \centering
  \begin{tabular}{c|ccccccccc}
    &
    \rotatebox{90}{\parbox{3cm}{\centering annealing}} &
    \rotatebox{90}{\parbox{3cm}{\centering greedy-reverse}} &
    \rotatebox{90}{\parbox{3cm}{\centering greedy-swap}} &
    \rotatebox{90}{\parbox{3cm}{\centering heuristic}} &
    \rotatebox{90}{\parbox{3cm}{\centering random}} &
    \rotatebox{90}{\parbox{3cm}{\centering steepest-reverse}} &
    \rotatebox{90}{\parbox{3cm}{\centering steepest-swap}} &
    \rotatebox{90}{\parbox{3cm}{\centering tabu}} &
    \rotatebox{90}{\parbox{3cm}{\centering optimum}} 
    \\ \hline
    annealing & 1.0 & 0.647 & 0.487 & 0.607 & 0.013 & 0.627 & 0.42 & 0.593 & 0.68 \\
    greedy-reverse & 0.647 & 1.0 & 0.513 & 0.653 & 0.0 & 0.627 & 0.453 & 0.633 & 0.693 \\
    greedy-swap & 0.487 & 0.513 & 1.0 & 0.453 & 0.0 & 0.427 & 0.367 & 0.493 & 0.527 \\
    heuristic & 0.607 & 0.653 & 0.453 & 1.0 & 0.013 & 0.613 & 0.433 & 0.653 & 0.733 \\
    random & 0.013 & 0.0 & 0.0 & 0.013 & 1.0 & 0.0 & 0.0 & 0.007 & 0.007 \\
    steepest-reverse & 0.627 & 0.627 & 0.427 & 0.613 & 0.0 & 1.0 & 0.44 & 0.613 & 0.707 \\
    steepest-swap & 0.42 & 0.453 & 0.367 & 0.433 & 0.0 & 0.44 & 1.0 & 0.453 & 0.447 \\
    tabu & 0.593 & 0.633 & 0.493 & 0.653 & 0.007 & 0.613 & 0.453 & 1.0 & 0.667 \\
    optimum & 0.68 & 0.693 & 0.527 & 0.733 & 0.007 & 0.707 & 0.447 & 0.667 & 1.0 \\
  \end{tabular}
  \caption{Ocena podobieństwa znajdowanych rozwiązań -- \emph{ch150}}
  \label{tab:similarity_ch150}
\end{table}

Średnio, najmniej podobne do wszystkich innych rozwiązań są rozwiązania otrzymane przez algorytm losowy,
a najbardziej podobne do innych jest rozwiązanie optymalne. Ponadto, dosyć duże podobieństwo 
jest pomiędzy wszystkimi wersjami algorytmów przeszukiwania lokalnego, algorytmem heurystycznym
i obiema metaheurystykami.

%Co dziwne do rozwiązania optymalnego najbardziej podobne jest rozwiązanie uzyskane w wyniku użycia heurystyki, 
%chociaż uzyskuje ono gorsze wyniki niż lokalne przeszukiwanie w wersji reverse. 
%Oprócz tego jednego wyjątku pozostałe rezultaty zdają się sugerować, że im bliżej optymalnej wartości jest rozwiązanie,
%tym podobieństwo do rozwiązania optymalnego jest większe. 
