 & annealing & greedy-reverse & greedy-swap & heuristic & random & steepest-reverse & steepest-swap & tabu & optimum \\
annealing & 1.0 & 0.733 & 0.514 & 0.667 & 0.01 & 0.705 & 0.4 & 0.762 & 0.79 \\
greedy-reverse & 0.733 & 1.0 & 0.552 & 0.667 & 0.01 & 0.8 & 0.448 & 0.743 & 0.838 \\
greedy-swap & 0.514 & 0.552 & 1.0 & 0.457 & 0.01 & 0.571 & 0.41 & 0.543 & 0.552 \\
heuristic & 0.667 & 0.667 & 0.457 & 1.0 & 0.029 & 0.619 & 0.381 & 0.686 & 0.714 \\
random & 0.01 & 0.01 & 0.01 & 0.029 & 1.0 & 0.019 & 0.01 & 0.019 & 0.01 \\
steepest-reverse & 0.705 & 0.8 & 0.571 & 0.619 & 0.019 & 1.0 & 0.429 & 0.762 & 0.781 \\
steepest-swap & 0.4 & 0.448 & 0.41 & 0.381 & 0.01 & 0.429 & 1.0 & 0.429 & 0.448 \\
tabu & 0.762 & 0.743 & 0.543 & 0.686 & 0.019 & 0.762 & 0.429 & 1.0 & 0.8 \\
optimum & 0.79 & 0.838 & 0.552 & 0.714 & 0.01 & 0.781 & 0.448 & 0.8 & 1.0 \\
