 & annealing & greedy-reverse & greedy-swap & heuristic & random & steepest-reverse & steepest-swap & tabu & optimum \\
annealing & 1.0 & 0.657 & 0.614 & 0.571 & 0.043 & 0.686 & 0.5 & 0.514 & 0.614 \\
greedy-reverse & 0.657 & 1.0 & 0.543 & 0.529 & 0.043 & 0.657 & 0.486 & 0.486 & 0.729 \\
greedy-swap & 0.614 & 0.543 & 1.0 & 0.471 & 0.043 & 0.5 & 0.443 & 0.414 & 0.429 \\
heuristic & 0.571 & 0.529 & 0.471 & 1.0 & 0.029 & 0.614 & 0.5 & 0.543 & 0.6 \\
random & 0.043 & 0.043 & 0.043 & 0.029 & 1.0 & 0.043 & 0.043 & 0.014 & 0.043 \\
steepest-reverse & 0.686 & 0.657 & 0.5 & 0.614 & 0.043 & 1.0 & 0.557 & 0.557 & 0.643 \\
steepest-swap & 0.5 & 0.486 & 0.443 & 0.5 & 0.043 & 0.557 & 1.0 & 0.471 & 0.571 \\
tabu & 0.514 & 0.486 & 0.414 & 0.543 & 0.014 & 0.557 & 0.471 & 1.0 & 0.586 \\
optimum & 0.614 & 0.729 & 0.429 & 0.6 & 0.043 & 0.643 & 0.571 & 0.586 & 1.0 \\
